[gd_scene load_steps=2 format=2]

[ext_resource path="res://screens/BodyScreen.tscn" type="PackedScene" id=1]

[node name="AthleteScreen" type="Spatial" index="0"]

transform = Transform( 1, 0, 0, 0, 1, 0, 0, 0, 1, 0, -2.80832, 0 )
_sections_unfolded = [ "Transform" ]

[node name="BodyScreen" parent="." index="0" instance=ExtResource( 1 )]

[node name="FrontLeftLight" type="DirectionalLight" parent="." index="1"]

transform = Transform( 0.707107, -0.122788, 0.696364, 0, 0.984808, 0.173648, -0.707107, -0.122788, 0.696364, 3, 5, 5 )
layers = 1
light_color = Color( 1, 1, 1, 1 )
light_energy = 0.1
light_indirect_energy = 1.0
light_negative = false
light_specular = 0.5
light_bake_mode = 1
light_cull_mask = -1
shadow_enabled = false
shadow_color = Color( 0, 0, 0, 1 )
shadow_bias = 0.1
shadow_contact = 0.0
shadow_reverse_cull_face = false
editor_only = false
directional_shadow_mode = 2
directional_shadow_split_1 = 0.1
directional_shadow_split_2 = 0.2
directional_shadow_split_3 = 0.5
directional_shadow_blend_splits = false
directional_shadow_normal_bias = 0.8
directional_shadow_bias_split_scale = 0.25
directional_shadow_depth_range = 0
directional_shadow_max_distance = 200.0
_sections_unfolded = [ "Light", "Transform" ]

[node name="FrontRightLight" type="DirectionalLight" parent="." index="2"]

transform = Transform( 0.707107, 0.122788, -0.696364, 0, 0.984808, 0.173648, 0.707107, -0.122788, 0.696364, -3, 5, 5 )
layers = 1
light_color = Color( 1, 1, 1, 1 )
light_energy = 0.6
light_indirect_energy = 1.0
light_negative = false
light_specular = 0.5
light_bake_mode = 1
light_cull_mask = -1
shadow_enabled = false
shadow_color = Color( 0, 0, 0, 1 )
shadow_bias = 0.1
shadow_contact = 0.0
shadow_reverse_cull_face = false
editor_only = false
directional_shadow_mode = 2
directional_shadow_split_1 = 0.1
directional_shadow_split_2 = 0.2
directional_shadow_split_3 = 0.5
directional_shadow_blend_splits = false
directional_shadow_normal_bias = 0.8
directional_shadow_bias_split_scale = 0.25
directional_shadow_depth_range = 0
directional_shadow_max_distance = 200.0
_sections_unfolded = [ "Light", "Transform" ]

[node name="BackRightLight" type="DirectionalLight" parent="." index="3"]

transform = Transform( -0.707107, 0.122788, -0.696364, 0, 0.984808, 0.173648, 0.707107, 0.122788, -0.696364, -3, 5, -5 )
layers = 1
light_color = Color( 1, 1, 1, 1 )
light_energy = 0.2
light_indirect_energy = 1.0
light_negative = false
light_specular = 0.5
light_bake_mode = 1
light_cull_mask = -1
shadow_enabled = false
shadow_color = Color( 0, 0, 0, 1 )
shadow_bias = 0.1
shadow_contact = 0.0
shadow_reverse_cull_face = false
editor_only = false
directional_shadow_mode = 2
directional_shadow_split_1 = 0.1
directional_shadow_split_2 = 0.2
directional_shadow_split_3 = 0.5
directional_shadow_blend_splits = false
directional_shadow_normal_bias = 0.8
directional_shadow_bias_split_scale = 0.25
directional_shadow_depth_range = 0
directional_shadow_max_distance = 200.0
_sections_unfolded = [ "Light", "Transform" ]

[node name="BackLeftLight" type="DirectionalLight" parent="." index="4"]

transform = Transform( -0.707107, -0.122788, 0.696364, 0, 0.984808, 0.173648, -0.707107, 0.122788, -0.696364, 3, 5, -5 )
layers = 1
light_color = Color( 1, 1, 1, 1 )
light_energy = 0.2
light_indirect_energy = 1.0
light_negative = false
light_specular = 0.5
light_bake_mode = 1
light_cull_mask = -1
shadow_enabled = false
shadow_color = Color( 0, 0, 0, 1 )
shadow_bias = 0.1
shadow_contact = 0.0
shadow_reverse_cull_face = false
editor_only = false
directional_shadow_mode = 2
directional_shadow_split_1 = 0.1
directional_shadow_split_2 = 0.2
directional_shadow_split_3 = 0.5
directional_shadow_blend_splits = false
directional_shadow_normal_bias = 0.8
directional_shadow_bias_split_scale = 0.25
directional_shadow_depth_range = 0
directional_shadow_max_distance = 200.0
_sections_unfolded = [ "Light", "Transform" ]

[node name="FloorLight" type="DirectionalLight" parent="." index="5"]

transform = Transform( 1, 0, 0, 0, -1.62921e-07, -1, 0, 1, -1.62921e-07, 0, -5, 0 )
layers = 1
light_color = Color( 1, 1, 1, 1 )
light_energy = 0.5
light_indirect_energy = 1.0
light_negative = false
light_specular = 0.5
light_bake_mode = 1
light_cull_mask = -1
shadow_enabled = false
shadow_color = Color( 0, 0, 0, 1 )
shadow_bias = 0.1
shadow_contact = 0.0
shadow_reverse_cull_face = false
editor_only = false
directional_shadow_mode = 2
directional_shadow_split_1 = 0.1
directional_shadow_split_2 = 0.2
directional_shadow_split_3 = 0.5
directional_shadow_blend_splits = false
directional_shadow_normal_bias = 0.8
directional_shadow_bias_split_scale = 0.25
directional_shadow_depth_range = 0
directional_shadow_max_distance = 200.0
_sections_unfolded = [ "Light", "Transform" ]

[node name="SkyLight" type="DirectionalLight" parent="." index="6"]

transform = Transform( 1, -6.51683e-07, 5.30863e-14, 5.30863e-14, 1.62921e-07, 1, -6.51683e-07, -1, 1.62921e-07, 0, 10, 0 )
layers = 1
light_color = Color( 1, 1, 1, 1 )
light_energy = 0.5
light_indirect_energy = 1.0
light_negative = false
light_specular = 0.5
light_bake_mode = 1
light_cull_mask = -1
shadow_enabled = false
shadow_color = Color( 0, 0, 0, 1 )
shadow_bias = 0.1
shadow_contact = 0.0
shadow_reverse_cull_face = false
editor_only = false
directional_shadow_mode = 2
directional_shadow_split_1 = 0.1
directional_shadow_split_2 = 0.2
directional_shadow_split_3 = 0.5
directional_shadow_blend_splits = false
directional_shadow_normal_bias = 0.8
directional_shadow_bias_split_scale = 0.25
directional_shadow_depth_range = 0
directional_shadow_max_distance = 200.0
_sections_unfolded = [ "Light", "Transform" ]

[node name="Camera" type="Camera" parent="." index="7"]

transform = Transform( 0.707107, -0.122788, 0.696364, 0, 0.984808, 0.173648, -0.707107, -0.122788, 0.696364, 3, 5, 5 )
keep_aspect = 1
cull_mask = 1048575
environment = null
h_offset = 0.0
v_offset = 0.0
doppler_tracking = 0
projection = 0
current = false
fov = 70.0
size = 1.0
near = 0.05
far = 100.0
_sections_unfolded = [ "Transform" ]


